pid,score
9259962,41.067688
22644560,38.972748
2385221,38.97233
7357243,38.471985
11237491,38.28353
1000469,37.541786
8375221,37.47837
22367859,37.160027
16788936,37.13267
16795969,37.023735
11326645,36.98199
15909492,36.415203
11042562,36.304897
15627885,36.115845
3698741,35.604965
8405479,35.229694
17876139,35.14844
12236910,35.001724
15011851,34.95056
11396217,34.888012
8441054,34.83001
20336782,34.66665
20364373,34.603523
16100455,34.478596
9527052,34.42285
3435012,33.9836
16015042,33.71203
9393570,33.536514
20216474,33.38176
277718,33.35229
2066784,33.264122
10628379,33.175606
16684089,33.081024
11898807,33.073338
970537,33.058907
709511,32.957848
17573747,32.91236
8137675,32.879303
9100477,32.843624
1936302,32.757587
9137502,32.751083
1507478,32.70868
6167166,32.615932
21105619,32.560844
7171456,32.53
8662095,32.526375
7012337,32.467613
9708004,32.382248
11957811,32.345467
8687164,32.24581
3166103,32.114777
4064042,32.09533
10745140,32.071835
8076486,32.035675
11274010,32.026897
16720924,31.58558
17116621,31.426624
2271809,31.324299
2379591,31.252037
2321973,31.164682
994514,31.163542
2986820,31.134521
17823231,31.097399
9640796,31.068596
3792170,31.063133
9800067,31.06198
15012886,30.96605
4154118,30.815228
8223061,30.791687
7827902,30.76274
3897618,30.649075
10370636,30.620451
15865086,30.457767
6623661,30.312094
22563201,30.301401
6178498,30.276178
7466616,30.244026
7742592,30.148563
3282655,30.066908
6173181,29.794865
23993799,29.736141
10769718,29.729828
22024225,29.686249
2693562,29.676428
8120546,29.634691
2799440,29.612268
14585038,29.611673
7447529,29.576817
3622555,29.538822
19839520,29.536612
709512,29.467344
9208962,29.441711
6858539,29.438877
17465478,29.424847
8373216,29.330221
7571043,29.31456
2372492,29.309837
6509799,29.20111
10857181,29.174444
20217258,29.108839
10470173,29.08237
16847713,28.980183
1832005,28.944088
9075747,28.935707
9114681,28.897438
16804977,28.873238
6889963,28.829845
15360055,28.77474
1892526,28.729301
3382204,28.68795
16773844,28.67892
8843115,28.676472
11530588,28.6619
16100946,28.65183
6696454,28.579765
16998681,28.570032
11296171,28.498806
1689208,28.429966
522488,28.40471
17103264,28.361246
7808670,28.342543
1431347,28.321934
10100796,28.279316
11341176,28.22542
15221968,28.166992
7310333,28.125038
11956598,28.105494
10857180,28.105381
3699082,28.064117
7406353,27.998741
11266372,27.988651
3178471,27.973438
23225807,27.953749
628054,27.950531
17457032,27.946312
6376291,27.930733
8508370,27.911585
23296402,27.899742
23645779,27.898684
8719729,27.867203
9389396,27.835611
8272763,27.822731
23760586,27.811642
20643864,27.797485
11995458,27.784973
8396907,27.780706
14535588,27.741207
22328299,27.720531
6582896,27.714825
7265973,27.704868
21618511,27.698433
11579645,27.696505
1643605,27.612257
8797658,27.611519
17431354,27.581665
16124375,27.496178
19657698,27.488998
10815889,27.473768
19629871,27.4686
8601361,27.428722
15603351,27.415318
3803120,27.353615
22258756,27.299654
10336810,27.280945
8694534,27.275505
8146525,27.263083
11005500,27.257233
6947782,27.232147
2068450,27.226929
7504559,27.186255
7311186,27.171968
1419646,27.135153
8233244,27.127314
7318628,27.110409
647509,27.105595
6375928,27.085985
9015173,27.054989
7619581,27.053009
2166552,27.050268
8080745,27.001572
19629600,26.995178
6676645,26.993713
10763141,26.973484
3172515,26.971369
8508386,26.969004
7657490,26.942364
1417017,26.932446
17555577,26.905022
8299078,26.888634
9670248,26.82649
7375147,26.824642
12865871,26.716202
12626905,26.705534
10958511,26.703724
732334,26.699173
24430319,26.68256
3204010,26.658253
21760561,26.645376
17406027,26.642172
18676757,26.612354
10610624,26.582726
1886571,26.574078
7379666,26.56735
22989147,26.558758
1475624,26.514793
11602894,26.509716
6394125,26.45204
1406470,26.407074
3947880,26.3694
12053228,26.35588
7222135,26.32949
16864976,26.313467
11313174,26.310455
12138655,26.309435
2486018,26.304634
9678617,26.287762
9484923,26.255083
2423655,26.208593
2471180,26.205421
7690061,26.19589
2810823,26.183254
11396197,26.167732
3210846,26.115969
13805,26.08211
1714497,26.045277
10207736,26.009895
17219282,25.994202
18570735,25.97997
11121864,25.96825
21157200,25.96148
6632903,25.958712
8691835,25.935917
7359922,25.917728
3201159,25.910088
11036130,25.864038
9829378,25.858078
273407,25.850655
22166547,25.83096
18079636,25.819725
11720833,25.722198
7357516,25.70676
1202621,25.644089
3470172,25.618961
8404384,25.573925
8886047,25.523148
8366298,25.521973
2193120,25.507828
10867451,25.485418
3916663,25.419308
12062285,25.413475
10027321,25.349186
18462239,25.345058
17649779,25.329851
15816454,25.327047
84001,25.303175
9829384,25.2969
3176505,25.245522
2620629,25.237503
10323422,25.222866
7436141,25.212349
21115936,25.190285
11776491,25.184761
2068448,25.172188
6529177,25.132837
1525757,25.100922
3864628,25.065289
8464409,25.063812
18338491,25.04394
11291879,25.036308
12239755,25.033916
12418053,25.027725
1212528,25.00829
8620800,24.96857
16244799,24.925472
2068444,24.920826
17468918,24.888533
18411580,24.840948
12845969,24.829285
1431340,24.82133
17786336,24.808384
3954942,24.779913
15503618,24.752487
7226104,24.739027
23001087,24.701267
6370155,24.69212
2068452,24.69091
9934841,24.675423
7577022,24.660831
2927234,24.6081
19189191,24.593918
8586373,24.548773
2518432,24.473806
12445370,24.46361
2314825,24.45298
205963,24.449463
7139557,24.438639
1768627,24.413517
7248444,24.363577
8314389,24.293655
2044417,24.289867
1770658,24.279778
11326702,24.279774
9273809,24.277702
22593474,24.269705
7931472,24.25703
21273626,24.246788
18334735,24.23413
9589054,24.216059
64132,24.202454
1611787,24.185787
21819716,24.173182
11224617,24.169132
18670822,24.1491
2059962,24.13768
22552946,24.13765
17200912,24.129517
2549882,24.12373
1339738,24.09977
8441053,24.077908
1795132,24.053297
2066759,24.05065
10642939,24.045172
9556889,24.025738
2329866,23.995422
10228796,23.963736
14564514,23.89838
12585359,23.886553
2714130,23.88254
8389662,23.874409
21922357,23.874352
1933781,23.855934
1311626,23.830097
9712565,23.806324
19102333,23.795883
18638656,23.780128
10074212,23.76775
8131088,23.738476
752590,23.726967
9340857,23.70158
3677890,23.683664
10855627,23.662415
12892459,23.656733
7561233,23.640713
697433,23.611305
19199273,23.582409
9101544,23.533983
19488584,23.473593
23268013,23.448915
21197735,23.426949
10533193,23.424625
444049,23.402729
491680,23.36555
1632702,23.341667
3054922,23.32744
726896,23.311802
7750106,23.30173
7524455,23.30053
17174516,23.296265
21422427,23.293037
1784761,23.277218
1877936,23.260815
12454515,23.239017
10188896,23.164276
9329569,23.156872
9252706,23.156872
9387259,23.076044
14648708,23.073608
22159472,23.054667
11711899,23.050686
8310407,23.045912
7231281,23.045473
8374868,23.012712
21541674,23.011524
1929612,22.986347
10228469,22.978153
12699060,22.92075
19843115,22.906284
1690376,22.896309
10603755,22.890736
16733481,22.881094
6156364,22.836735
2782914,22.833916
4037904,22.811922
1212650,22.764025
21538056,22.706278
12828063,22.663551
19757443,22.652918
10470177,22.645775
12484012,22.644115
6830687,22.642185
390742,22.639734
8850029,22.618073
12870136,22.57335
15658583,22.551796
21901559,22.538895
1914746,22.514172
12616121,22.503002
21424077,22.4945
2199223,22.485195
22974092,22.452911
7210975,22.438904
2824273,22.428692
3982037,22.426432
8625094,22.41148
20095885,22.387363
18622956,22.369345
11594285,22.366867
18633674,22.345158
2367057,22.303446
1247300,22.283024
20378505,22.250881
20682997,22.22934
9176713,22.2202
23713869,22.204428
22216763,22.182705
18780338,22.17405
22426271,22.161034
1568399,22.106386
589555,22.09789
1402314,22.09222
11948229,22.08466
7103688,22.084545
11531011,22.072603
7068816,22.065258
10791201,22.065123
11020866,22.060976
2685691,22.058186
3742993,22.056742
23754582,22.055279
16736329,22.0533
9112146,22.04026
8756838,22.032307
6133709,22.016882
3673304,21.975893
23711333,21.968254
7340729,21.960175
17512720,21.950195
10071281,21.945724
22948771,21.926529
14571737,21.900085
22699826,21.868046
9586891,21.846025
20414034,21.84335
9610661,21.838322
12433608,21.836323
2807840,21.811493
1851587,21.805037
6418372,21.7858
3510056,21.774328
7227130,21.769632
9786312,21.766144
15882879,21.760094
10763776,21.7193
17108210,21.6931
17212120,21.671158
12657235,21.660664
6350964,21.638107
21173292,21.59199
10370360,21.571892
19632934,21.5717
7126423,21.543644
2743277,21.511545
1641613,21.501104
1589179,21.49339
18251140,21.483744
2255411,21.46634
7046656,21.459545
17687216,21.448925
6749100,21.448278
21661398,21.442709
19672932,21.438112
23739192,21.42358
20414929,21.413986
20110784,21.407833
9470809,21.403364
20214208,21.387848
23665971,21.381035
17593628,21.361454
16495699,21.341522
3201153,21.327835
23153862,21.31461
9872539,21.292252
22480117,21.288334
18846401,21.260153
20604972,21.255564
16353192,21.231045
7811557,21.222282
10037299,21.188734
10635303,21.187601
23765330,21.175362
16809030,21.172447
19729826,21.172447
11994521,21.171078
8141873,21.164734
9814374,21.162266
11300328,21.162125
20150437,21.157694
15655814,21.1498
15332558,21.146072
17939014,21.135323
6883391,21.103163
9660027,21.101433
20816019,21.092651
18453219,21.082123
8129484,21.061487
7067557,21.053402
19565285,21.045053
24393859,21.00312
22311447,20.98892
9227247,20.975363
22574549,20.968075
17119985,20.944904
1890143,20.915588
23889952,20.88557
23696405,20.874878
1315472,20.835014
2658821,20.820366
21263760,20.809074
10873071,20.797112
16209648,20.792435
2036931,20.758345
7645930,20.748238
3716715,20.724266
18785568,20.71593
709509,20.698832
23321120,20.697817
17211733,20.692114
3816909,20.691944
1926005,20.654522
1064149,20.636822
6507742,20.623722
9556250,20.623158
18818499,20.616104
9013232,20.61329
7880770,20.613022
17212112,20.611715
420982,20.606216
20173157,20.604794
22006099,20.597454
19942831,20.589867
20616575,20.551908
22202343,20.547321
19011350,20.546223
12174375,20.525116
1111949,20.514946
9563547,20.49741
9458953,20.478703
9677475,20.466034
3756825,20.399677
17854148,20.398499
9754756,20.394379
22566374,20.385014
7715897,20.383791
21768792,20.379719
11044640,20.373024
23047645,20.369585
6733018,20.36812
24215576,20.364218
12794585,20.35255
1867517,20.346281
19690493,20.345139
21875276,20.32768
16650961,20.322193
3856076,20.30484
11425272,20.295639
17487561,20.284801
8645052,20.283157
11978524,20.272514
62590,20.258226
4425888,20.245564
21228367,20.235691
11326650,20.234821
16266577,20.226562
23181004,20.215027
9041925,20.21164
2400968,20.208038
19846991,20.207722
11329523,20.177986
4048893,20.149519
3984558,20.139582
22842225,20.126402
9989413,20.098894
8953601,20.09245
11195411,20.090654
17607122,20.088373
2010305,20.082745
6374276,20.080973
10789559,20.072464
11167877,20.072464
2273952,20.060661
679156,20.058544
8311497,20.04772
8474293,20.018793
11122815,20.012999
3971297,20.009802
11877768,20.001019
6691692,20.000092
22901720,19.990868
1570970,19.984222
7226000,19.968412
3293181,19.963932
9378783,19.961355
10921014,19.907759
1942906,19.90657
6956758,19.8959
20121626,19.891445
10528904,19.88937
17715643,19.885572
994637,19.885092
1715601,19.882637
12174919,19.849413
6837892,19.842415
21568065,19.831453
1505900,19.813816
21901530,19.80695
10392376,19.802597
3480768,19.781292
17634125,19.765392
2815778,19.757524
7515172,19.750854
2297664,19.749546
17649792,19.744455
11027426,19.741554
22390356,19.736784
1638001,19.684856
22286543,19.630852
19954584,19.602654
10796051,19.59768
7226032,19.596924
15077925,19.585667
17762405,19.561169
9673300,19.539782
2302062,19.537165
23132294,19.513493
15366746,19.487066
15991059,19.456593
12636102,19.452093
2010306,19.41763
4421372,19.41674
2667189,19.404135
3942992,19.381691
709515,19.377254
1403140,19.375973
20055296,19.363157
22593440,19.36235
23888604,19.354351
11504520,19.341507
9767880,19.340866
20095886,19.338156
1574769,19.33601
1504120,19.291018
22076611,19.282595
8324338,19.282133
3054845,19.28195
3059458,19.275501
9867442,19.266129
12507211,19.23932
2201097,19.237251
7443173,19.233461
6599115,19.228592
11400920,19.197124
9815809,19.192474
19239935,19.187157
1867518,19.163042
1333762,19.137642
18501071,19.106104
15655619,19.084164
12845218,19.07489
1080218,19.073303
9286231,19.057947
2488519,19.05613
11044357,19.050747
12614178,19.050121
8198976,19.041897
2352657,19.023872
15297402,19.014734
11299816,19.010197
17695461,19.004463
19279420,18.990095
1379057,18.948883
2082634,18.94795
7527311,18.9345
17058136,18.925346
20305435,18.920471
3903552,18.90981
11085731,18.90372
9279352,18.89929
20002699,18.862846
23163845,18.86266
2616103,18.853266
15922887,18.85065
10472328,18.834812
1695546,18.826462
11322488,18.822054
3162449,18.808622
8770301,18.793232
9342635,18.790316
22327251,18.78027
24217184,18.775835
2039134,18.771437
12352596,18.768787
9693895,18.765375
7607271,18.757492
7863220,18.754066
646245,18.743216
8623053,18.735746
22961433,18.729864
6742623,18.727558
18322961,18.715693
2602902,18.713432
16428481,18.697117
3860677,18.686136
17652942,18.679424
2379590,18.655594
18513194,18.653637
7436700,18.651493
21724118,18.639793
8915293,18.637732
3510834,18.634521
23184361,18.631947
23037201,18.629585
8313787,18.628325
16241086,18.60982
18672360,18.592731
6572745,18.578007
10770561,18.566853
8817226,18.56074
1998473,18.559757
7817200,18.550613
20667318,18.546715
15330208,18.544765
3951166,18.53146
21301835,18.530542
15244179,18.516933
15865094,18.508768
15749591,18.50693
9974027,18.470047
1983556,18.45668
3418082,18.4424
9692467,18.428267
9829377,18.417051
11977553,18.414833
15665575,18.379953
20332684,18.378735
2434361,18.37316
23067526,18.363308
4000309,18.356918
2329893,18.347664
22442906,18.343153
23549007,18.335173
10918996,18.328854
8737691,18.327415
17606190,18.30768
8146630,18.281334
3723883,18.270248
8403703,18.266651
2561374,18.266472
15007086,18.261242
21541936,18.246037
7318620,18.240213
17992052,18.228348
6504398,18.220352
23636294,18.20876
21751045,18.203094
12397747,18.202168
2032318,18.201235
3024422,18.18703
21729676,18.176994
23144155,18.150656
14598428,18.14951
2783844,18.149094
16334762,18.13358
9492886,18.124775
11086438,18.122986
8168992,18.094254
12627817,18.081959
8140393,18.06041
18347406,18.054438
8306268,18.052773
8306269,18.037397
22460570,18.035303
849560,18.031713
15522189,18.027225
24331320,18.0158
12168881,18.005003
2746136,18.002941
3188544,17.992008
8645050,17.986496
3788331,17.971954
19579599,17.965046
14716495,17.9418
1486919,17.937407
9426327,17.932226
1247968,17.92424
18219891,17.916065
10431589,17.900223
22207629,17.89857
6499621,17.893143
16266568,17.893097
2670570,17.890446
16891116,17.876167
1652230,17.853258
17588413,17.84987
2416441,17.848835
1926004,17.846546
23657083,17.844437
3918217,17.84325
23560382,17.836813
20601814,17.832783
22715592,17.818245
11805572,17.813715
683276,17.81186
3230337,17.810259
11044360,17.791542
2406105,17.787117
15028308,17.756834
15105897,17.750725
8147155,17.747097
23020269,17.723488
12772523,17.721405
22926658,17.697983
10411440,17.694572
20648586,17.688305
16567395,17.666986
3518912,17.662645
16736515,17.645555
18633266,17.64333
2680066,17.603739
9494419,17.58857
9658987,17.518831
23422758,17.5108
11846459,17.492691
7055417,17.474693
7733553,17.45148
12134365,17.44754
9715149,17.42967
8154969,17.427595
20809426,17.40403
18440486,17.399582
6857209,17.393795
18334831,17.393017
19384300,17.390945
23010737,17.3875
15239990,17.36185
17060406,17.359268
2910248,17.351208
12841660,17.33816
23482769,17.336288
2771111,17.329647
16990975,17.327919
15830301,17.319857
9835125,17.314674
9671067,17.314018
1576351,17.298763
15522556,17.296036
8998120,17.268587
9678379,17.22475
9645747,17.224436
17645572,17.215195
15586226,17.20929
15527578,17.207886
7512130,17.202553
12484021,17.191738
22721598,17.189846
17566830,17.183746
20162425,17.175537
20004437,17.153671
15355906,17.151316
15785896,17.150698
8826938,17.147871
21385143,17.146914
15682467,17.13713
1771385,17.125599
19581858,17.117487
17483984,17.088886
1999127,17.085531
16969616,17.079393
17095181,17.071754
3830268,17.061306
20919526,17.045673
2083556,17.044422
15043294,17.032402
7117058,17.024693
10612150,17.002014
4155643,16.928524
9676118,16.92686
14756546,16.920357
23174599,16.914806
8876888,16.874935
24106900,16.873438
7480740,16.86529
17400423,16.855097
7575117,16.853931
6699670,16.852978
6736371,16.84637
21573902,16.838089
22277350,16.82262
17114081,16.813503
18175226,16.81058
19635733,16.80406
17096339,16.802147
21937396,16.79941
3779657,16.793255
6354822,16.78665
14521450,16.783318
11521792,16.780403
12457030,16.776432
22975528,16.755407
19577877,16.749172
14752222,16.740168
11943891,16.738878
8708720,16.73547
18621637,16.728596
709510,16.728466
17980542,16.720102
11680046,16.710983
2068447,16.704138
2286800,16.695507
12905553,16.69379
16392024,16.693216
15315564,16.69308
8018375,16.68722
8170642,16.682041
2697474,16.678272
15043338,16.675465
21553105,16.652668
17496457,16.630753
10100794,16.617548
2304284,16.617397
6192917,16.613943
10396327,16.610245
21824604,16.605917
17429708,16.586542
9216852,16.583284
15972037,16.562357
1872630,16.54695
19834766,16.51624
2300891,16.515965
15185002,16.508701
20937118,16.500862
8596740,16.48732
10370669,16.487171
19759184,16.44154
20948272,16.382536
18937231,16.379852
16049286,16.379852
11008202,16.376923
19496187,16.37202
17058316,16.36716
12394438,16.366598
7300722,16.358595
21537868,16.34852
9147937,16.3338
18242343,16.325565
19694323,16.324932
1703330,16.316069
7571064,16.314827
1719331,16.296597
21316708,16.273115
1622739,16.266064
12598345,16.265247
10606480,16.264565
20189054,16.24505
6839898,16.244236
12607251,16.237623
18043108,16.22567
9251889,16.188007
11708011,16.172365
22911546,16.154675
2209837,16.14862
16365182,16.136759
3608853,16.131733
1708073,16.126545
22238958,16.114975
15793645,16.08532
1509055,16.075666
1339876,16.073002
6373575,16.06744
7552624,16.067177
3736057,16.064833
16719189,16.048788
9382525,16.047949
14968942,16.045242
7529527,16.028507
19295282,16.02772
21538263,16.02382
14668591,16.017551
555768,16.01701
8054783,16.014149
15202102,16.004692
9064391,15.99991
3484753,15.995881
15657653,15.973082
1733472,15.971163
16201091,15.953216
10436809,15.937826
10481530,15.928224
19900940,15.919231
3366023,15.901203
2779050,15.873382
17575696,15.849129
23534751,15.84095
9135525,15.816767
17608748,15.815034
9829379,15.805654
15362750,15.800955
18475294,15.780531
21057973,15.7710905
3589978,15.768676
11432345,15.758895
3330945,15.74548
3714087,15.721523
2649397,15.719547
11136320,15.716201
21343933,15.65987
17921088,15.656558
10541369,15.653174
17854114,15.63264
23613338,15.630972
6161497,15.6251545
6311999,15.618214
21071514,15.616476
21633643,15.611596
929129,15.597996
7874576,15.583785
20429036,15.583374
15532831,15.570768
11708010,15.557974
426170,15.553574
9625823,15.546581
19042984,15.530018
2672606,15.529705
20582543,15.504076
19579590,15.5028305
20414035,15.491449
3166366,15.48354
16627067,15.469801
12949063,15.448391
1119871,15.443419
3788330,15.430893
17510767,15.390736
1466082,15.352497
3690235,15.343109
7369462,15.341107
20154498,15.33936
15946483,15.338425
19901015,15.223613
16687080,15.217941
18505053,15.214407
16608021,15.180478
16315919,15.172083
8490911,15.168051
10618603,15.166017
4017165,15.163597
17882491,15.161862
354057,15.161862
16721679,15.159356
19347392,15.153486
15910714,15.125209
18373578,15.10697
9208961,15.088375
1431346,15.04661
12664130,15.037899
19098417,15.035825
18598107,15.018343
1589986,15.017362
11092488,15.008966
23075717,15.008555
3063022,14.9627075
22133576,14.961087
7574741,14.961087
3704903,14.919862
14594539,14.897453
7015005,14.88851
16260687,14.885641
8831736,14.875468
3531728,14.875246
6513031,14.872978
1517455,14.867014
3393651,14.861341
15553741,14.856756
17963247,14.854753
12029557,14.854624
18156932,14.852924
11223839,14.850507
9645739,14.824908
18656012,14.821503
19920401,14.80844
17301655,14.797261
6295871,14.793908
16450212,14.793908
7204983,14.788473
637196,14.779189
17390145,14.772106
23551939,14.76915
6161696,14.760105
832207,14.746067
9515176,14.726442
8200237,14.724383
20450606,14.702818
6342292,14.691706
2055140,14.668677
3205122,14.646325
12377967,14.6391535
17932750,14.631137
8878497,14.616528
8963836,14.60864
14530655,14.585048
8449074,14.584886
18216534,14.582308
23721930,14.562857
8511605,14.561104
10814560,14.557788
2943876,14.536806
12963652,14.523807
9629764,14.503297
943151,14.465535
15232689,14.456288
16123823,14.454204
2045852,14.439277
17174059,14.395183
1707199,14.385897
12003191,14.361294
1914727,14.352537
3344897,14.346066
11508659,14.335751
2342376,14.335751
17909846,14.33008
16273258,14.315002
10749608,14.315002
16018597,14.297559
2667448,14.263375
3899260,14.256181
15037935,14.250175
1519392,14.206449
20037352,14.200833
17916288,14.198688
10340049,14.180372
12543084,14.15874
23895128,14.149528
2662074,14.135122
15223436,14.131112
11039718,14.127399
20112971,14.124841
1220002,14.121869
1463689,14.111687
10859076,14.108307
2685692,14.080362
7545144,14.078964
7690348,14.065792
10560426,14.063883
8239693,14.05579
3949243,14.052483
21492331,14.045119
1212660,14.044668
21161947,14.04336
12819425,14.041763
8090628,14.038812
2471456,14.028509
16192596,14.013338
23880003,14.011747
22885838,13.967836
23549003,13.967836
19333049,13.966611
3983380,13.964663
10554319,13.926532
10430334,13.90865
8522446,13.901958
1503511,13.901256
3568033,13.896969
11330579,13.893909
10561367,13.89212
2412188,13.882166
3827362,13.87682
6759373,13.873966
3459133,13.859913
10576653,13.849837
10636103,13.810648
16931541,13.810001
8439505,13.809784
3707331,13.806633
3318646,13.803333
1220914,13.791722
3042807,13.773261
15630256,13.759016
2795205,13.758561
9652996,13.756285
8456517,13.748334
18008108,13.737173
17110626,13.689804
101294,13.680582
3863968,13.675936
17805550,13.675901
1931241,13.6506
6189579,13.637498
1586298,13.620583
11948226,13.613337
9378784,13.607286
18645930,13.598027
1575626,13.579508
24222151,13.578932
9083150,13.575034
6446376,13.532685
9107663,13.518789
11940415,13.51711
20809023,13.512567
764963,13.4968
11350905,13.489767
18577868,13.461343
19434456,13.4554825
21661394,13.4400625
9411673,13.4400625
16353185,13.43533
19495779,13.42938
2264338,13.4089575
2920105,13.403762
9372374,13.378087
9607539,13.376513
12445377,13.365851
18408442,13.36395
1154032,13.358052
22703761,13.351937
1871479,13.327662
163585,13.316327
15742907,13.310249
364839,13.29574
9571976,13.282639
16720912,13.280394
1470053,13.262483
20119979,13.257475
8007780,13.245033
1758235,13.243316
3303117,13.236393
10493478,13.20478
9263539,13.204668
11442531,13.178266
19764149,13.176689
17377185,13.167267
7493341,13.160665
9440733,13.150368
21710327,13.125478
7116619,13.124862
2379594,13.107511
1431344,13.094589
11227949,13.0903845
3861884,13.079915
2830075,13.077587
19495885,13.063747
19827341,13.039252
8379680,13.037071
11819806,13.034373
1913688,13.02054
7573721,13.015297
17486358,13.014725
2337875,13.011098
6703792,12.995602
6464483,12.981348
22525856,12.980545
12124825,12.975782
10888773,12.975438
19722234,12.958397
3941861,12.9457245
15696855,12.919582
15063889,12.898818
24080198,12.881011
7395229,12.868546
7439224,12.861888
11037995,12.858303
3586345,12.849705
22858794,12.842731
16538413,12.825029
1572383,12.816065
16705643,12.808212
2369311,12.806929
24074411,12.806639
2939709,12.80165
15279063,12.799618
3632919,12.796898
22322834,12.790622
16033101,12.775379
19728904,12.775132
7229472,12.764426
7139558,12.751701
16352943,12.738987
16377503,12.689771
15170974,12.685912
21224666,12.669545
2087823,12.65328
21369738,12.637034
1511391,12.598346
12796730,12.581095
6591858,12.558128
24335376,12.546176
1281552,12.542008
12044059,12.517716
7148317,12.500807
12114872,12.4793005
16995454,12.477152
15553688,12.457834
8404956,12.438835
3461200,12.411099
6194734,12.408487
9586892,12.372045
12239921,12.370172
23681672,12.358618
3462448,12.356925
21717877,12.309832
21975318,12.3027115
4072082,12.285646
1768746,12.273007
7709662,12.262426
17473951,12.251347
12378215,12.214869
17589956,12.212479
23208008,12.192382
24195503,12.186626
22481066,12.185422
8491320,12.12648
3035686,12.101316
19010633,12.090209
7040549,12.072368
22584792,12.06329
22110233,12.053585
22740208,12.051572
8233243,12.038575
3341547,12.021724
9730420,12.00485
2806020,11.995658
8560891,11.993517
9406694,11.9809265
6613142,11.9754505
10716323,11.965957
22397278,11.962734
8028339,11.900201
14524394,11.899711
23782400,11.882342
22202433,11.872433
3061930,11.865707
18942720,11.864595
8625093,11.863218
23040007,11.854432
15849507,11.852233
2468779,11.832062
22395986,11.823864
17019657,11.815066
10954187,11.812721
12756651,11.810925
2582433,11.781617
19875045,11.77736
9486782,11.774221
23390833,11.758441
16278412,11.751167
2295083,11.719221
17570017,11.71607
12297926,11.706489
21178761,11.699503
3780991,11.676339
1430441,11.665384
18028472,11.661194
23135579,11.658589
15333684,11.638266
2525005,11.619951
7774474,11.607375
4073358,11.590916
11888871,11.5681305
11273591,11.5681305
20647735,11.556001
3263037,11.549876
8608500,11.548183
2058325,11.532822
20100688,11.516142
18519781,11.505211
12407386,11.49933
21224635,11.485596
2294807,11.478712
11813599,11.476946
3515109,11.470907
10706924,11.448151
20037356,11.431383
12610881,11.431082
11579643,11.427976
19420870,11.424681
19795327,11.406559
17848227,11.37016
2481485,11.359496
21190025,11.354131
21837680,11.343778
23736888,11.330505
3871566,11.330257
2479175,11.321999
2720584,11.320084
8748205,11.299987
16148023,11.247278
15272595,11.200452
8306832,11.199684
19235181,11.194241
2781236,11.158005
3136114,11.145679
12160217,11.122409
14581354,11.080036
20120032,11.056956
9102262,11.055784
21224661,11.054367
11432344,11.050009
15553678,11.032304
22629546,11.0237
20032440,11.021992
21913018,11.004936
9085632,11.003305
15685032,10.992307
18501075,10.992307
22202361,10.991701
16443189,10.986641
16455458,10.955829
6537546,10.951
21855042,10.933761
22763827,10.9298115
17176982,10.913668
3675195,10.910978
23943283,10.902955
15373203,10.902686
23222281,10.89913
3480671,10.895863
8338705,10.895396
18688130,10.883781
6789243,10.880707
9182180,10.880707
4078776,10.880707
8693127,10.868141
21224633,10.866727
10082043,10.852352
17431726,10.841138
4075992,10.832695
1341246,10.828103
24451945,10.826822
2949822,10.807087
8895905,10.786432
9106686,10.754152
1001864,10.749819
16609990,10.74426
16455336,10.733267
21207584,10.714955
7794002,10.68283
16969040,10.672586
24298571,10.667339
14991639,10.66731
22371087,10.660511
19260509,10.630203
24423964,10.6223545
16925977,10.618488
547142,10.607076
3540857,10.60599
15293064,10.593517
2647623,10.572363
10566532,10.531056
16762969,10.500931
12901279,10.491358
23420146,10.477992
20628824,10.463231
23526807,10.4495125
10859091,10.444658
22664562,10.433099
23933926,10.423876
19106560,10.422603
451823,10.400803
17458595,10.383396
2531992,10.3454685
4080962,10.343561
11518749,10.324625
12484378,10.311621
15028309,10.3089905
2401391,10.284292
20037364,10.273975
8213219,10.241854
21224629,10.223175
15640960,10.218426
6324604,10.217258
18633265,10.19641
14696436,10.196217
1689079,10.196217
15561283,10.185388
8849951,10.182016
24104864,10.171935
2348233,10.163179
9544234,10.149975
16896992,10.14817
11404151,10.142912
6484790,10.140587
22333652,10.136758
14676105,10.132875
24220554,10.124529
2694905,10.118985
7210977,10.115994
16002501,10.103409
8313783,10.096376
18219846,10.084347
12477769,10.076391
1992526,10.063833
22952157,10.049567
9654112,10.047296
10091755,9.986597
10344687,9.983764
7793826,9.976371
21873169,9.964146
21383559,9.962592
10326689,9.954816
16077933,9.9509735
10344686,9.9398365
21713777,9.939463
2837115,9.921901
10366210,9.914427
17114079,9.911953
7887585,9.91174
3970315,9.88548
22128307,9.880001
23460452,9.848017
20037371,9.840879
11372289,9.817404
7067580,9.815856
7489178,9.808817
15162236,9.792928
24231712,9.772108
8007072,9.770287
8912535,9.76916
10021708,9.758268
18291260,9.7529
10065099,9.746232
22683070,9.734446
8257047,9.733217
12165823,9.721183
23818348,9.7087
20370424,9.702822
6182592,9.68593
6857457,9.684816
18219932,9.675166
2812076,9.658401
11357039,9.652115
18023132,9.63483
17868775,9.616579
9382505,9.599674
2437641,9.595871
17430690,9.592393
23557862,9.58492
15194069,9.540719
19118433,9.538439
1730980,9.524229
3238157,9.510794
3703341,9.510794
21351419,9.481736
6484244,9.464538
19259690,9.437427
2434296,9.433723
20646650,9.431856
1358359,9.427616
21935746,9.420878
6122762,9.4169235
15827794,9.407707
6416572,9.397312
22691530,9.384879
16555146,9.3810215
2776795,9.3789625
2817872,9.376135
22986141,9.368147
16315939,9.356562
11174709,9.347461
15553742,9.347159
16804525,9.335705
2012403,9.296165
9667137,9.260895
18481151,9.216288
10665570,9.210769
14991634,9.198214
15332554,9.193363
10861600,9.170741
11227940,9.1582985
17212164,9.131137
16632423,9.131137
23863744,9.131137
16485158,9.125621
6692277,9.115487
17258883,9.1124935
17285398,9.110323
9309885,9.109297
12174368,9.075684
2363558,9.069996
2683153,9.05489
23894654,9.007852
16127782,9.006702
2667446,9.006571
18408441,9.002688
11489795,8.963855
12085275,8.956757
1998972,8.907501
19744643,8.902829
17614249,8.896898
16943525,8.885357
8368446,8.873758
8422179,8.870274
3325290,8.853842
2736845,8.846509
11395234,8.839464
3201155,8.827883
847376,8.823626
15059021,8.812021
17203190,8.776447
15534060,8.776157
10303909,8.7666235
21211254,8.749599
6418238,8.732938
19418495,8.729593
17893492,8.711663
17342309,8.68742
8449134,8.667174
17212109,8.645311
9189775,8.609197
15309541,8.597832
7537651,8.592492
1746895,8.588704
23267933,8.570438
22125166,8.557018
23340231,8.527802
21208847,8.474617
17680636,8.46768
1485536,8.460518
7570059,8.424635
3625257,8.406222
3780447,8.392484
18936576,8.3692875
2756446,8.357356
7219141,8.357356
2806084,8.350994
6404406,8.349152
3580687,8.348106
858103,8.347147
709514,8.327721
23364914,8.322278
15164599,8.313311
6204834,8.30487
2525415,8.280824
18673436,8.245653
21224628,8.244547
157480,8.243969
2068445,8.230431
6748525,8.207579
21349952,8.19784
23642239,8.194122
24393990,8.18565
4047445,8.184263
7493347,8.128127
18937260,8.109159
11711742,8.090437
6689962,8.07826
20968136,8.059972
10789743,8.057963
9583699,8.0469055
2996749,8.015881
17481478,7.9976864
12496545,7.9919157
11486537,7.916358
7805492,7.903612
10589767,7.9019237
288947,7.88004
15492569,7.8766956
63149,7.823498
7954255,7.78921
1834025,7.7815447
12590703,7.759808
10326848,7.7540627
12400988,7.7233486
1991262,7.664036
8712616,7.655658
8867343,7.6139193
7747020,7.612238
2910444,7.603637
21645866,7.5989556
6724983,7.5870333
2915539,7.584259
1733432,7.583724
15796045,7.576049
2373466,7.573591
11049029,7.555294
1892537,7.555294
7071049,7.555294
12705555,7.555294
8252465,7.5267696
1569843,7.5168447
425796,7.4831676
7445709,7.4831676
21157211,7.475794
9221868,7.474578
6413891,7.474578
2016627,7.457432
1755604,7.453755
19474695,7.4504175
19513742,7.4486856
8877641,7.3873453
2174752,7.378225
15333188,7.375998
6529171,7.373144
2173427,7.3203306
5067755,7.2695417
2157833,7.2691097
1913687,7.2602425
2836570,7.259896
11758954,7.2153854
24286594,7.2036247
8717176,7.1046124
17688376,7.0690002
18202413,7.05527
23830776,7.0534353
12738742,7.0440607
16368496,7.038101
7542493,7.026569
18795674,6.9761963
23478609,6.9705124
21540596,6.9677405
10863860,6.9054985
10023168,6.8607607
2149279,6.83321
16857451,6.801586
3501859,6.7513676
48409,6.643215
20434103,6.5951395
3551880,6.566163
765038,6.5570784
7065347,6.532829
16493539,6.532829
18979139,6.520445
2027979,6.5199366
1021176,6.5147257
1742739,6.50912
21108017,6.4984365
8261435,6.4927216
18322753,6.4851165
20302675,6.4833016
7995105,6.4654274
22727694,6.459811
7721638,6.4595733
7510220,6.4564667
3971300,6.4546337
1572385,6.4210157
17452862,6.369671
32794,6.345446
21479672,6.3211403
23196787,6.3132696
3466002,6.2891064
9562956,6.2891064
9867533,6.262618
11032600,6.262618
17784988,6.2432265
4071492,6.2291775
15007083,6.2063637
11917949,6.2063637
7357518,6.1944637
752858,6.1944637
7133984,6.1944637
2708519,6.185293
6495695,6.1649485
21509696,6.1495895
10861419,6.1270037
2797493,6.0740657
10097756,6.0491276
7535713,6.020923
10560851,6.019213
22504703,6.014456
1529837,5.991889
24133632,5.982264
18275712,5.944344
1311986,5.9353113
16310700,5.930586
691162,5.897249
19381032,5.866687
2537129,5.7940636
17968166,5.7659726
7418332,5.735933
19488771,5.6739836
10661337,5.6564713
8837299,5.629381
9306552,5.6197886
24370171,5.619105
19167974,5.6040597
2770446,5.5629597
8246027,5.554909
1022377,5.539393
21718080,5.5303316
19556905,5.4371624
19717662,5.4199886
1492875,5.4199886
3381354,5.4070306
19564531,5.3996153
3222463,5.3891306
496566,5.3710284
21037435,5.35958
3992446,5.31065
11578583,5.2590475
19151578,5.242468
15637472,5.196403
10674446,5.172865
22644713,5.1176867
4140265,5.10096
19198996,5.0805545
6284616,5.070203
6459725,5.0615025
3988951,5.054227
22300562,5.051465
4805960,5.018578
3630232,4.9993906
3106373,4.929034
10337667,4.9284344
21418854,4.8881874
21223553,4.8253813
22026305,4.7509804
2220267,4.7013993
3861231,4.692875
1747053,4.636714
8591076,4.636714
3784395,4.588587
2672373,4.5591793
20732756,4.5525203
18161908,4.521468
684571,4.517233
9213578,4.4407
467173,4.4407
4810144,4.3953447
6824311,4.3454523
23709099,4.3299537
542458,4.2656593
17974527,4.2321234
8707771,4.1762176
23053680,4.0218406
10626169,3.9405093
18720544,3.9334452
7251173,3.7918422
3787141,3.7536762
7464443,3.7104053
3679340,3.6867568
7212050,3.6867568
1503403,3.6849513
6201959,3.652496
23252563,3.652496
4846441,3.652496
21875477,3.6263208
8094079,3.6017497
2227305,3.5392277
17977436,3.5331905
2416985,3.5026314
2467038,3.4907181
3180140,3.4875126
19943591,3.4875126
2201096,3.4724462
6710317,3.4672506
17983178,3.4672506
14507003,3.3818836
19446404,3.3665662
9762050,3.3276958
12063682,3.3209481
8520170,3.3113008
2751254,3.2809837
12153624,3.2789211
2960296,3.2163575
20378496,3.1986825
4121819,3.1411655
2425697,3.1411655
6632761,3.109321
9752333,3.0631204
4406144,3.0424678
17687948,2.8119724
6372985,2.7987149
17443880,2.68989
6634422,2.68738
6384888,2.6023495
14755,2.6023495
15108028,2.5766814
1437794,2.5766814
11776485,2.5766814
9446342,2.5681427
3904030,2.5522125
5539559,2.5522125
24078664,2.5233512
32793,2.5233512
21332003,2.478205
21768791,2.4775455
21191653,2.4775455
8222254,2.4687803
10640958,2.3935719
19901127,2.2710845
4605005,2.203631
431843,2.1315575
7284973,2.058582
23692875,2.0515628
11745445,1.966562
7083148,1.8066026
8528485,1.5258892
